flow_tuple,app_name,packet_count,bytes,current_packet_size,time_since_last_packet
112.34.113.250:443->172.20.92.191:59989,百度贴吧,1,586,586,0.008003
112.34.113.250:443->172.20.92.191:59989,百度贴吧,2,646,60,0.98818
112.34.113.250:443->172.20.92.191:59989,百度贴吧,3,858,212,0.002999
112.34.113.250:443->172.20.92.191:59989,百度贴吧,4,963,105,0.076
112.34.113.250:443->172.20.92.191:59989,百度贴吧,5,1875,912,0.003
112.34.113.250:443->172.20.92.191:59989,百度贴吧,6,1935,60,0.602483
112.34.113.250:443->172.20.92.191:59989,百度贴吧,7,1995,60,0.001999
112.34.113.250:443->172.20.92.191:59989,百度贴吧,8,3257,1262,0.396062
112.34.113.250:443->172.20.92.191:59989,百度贴吧,9,4671,1414,0.003633
112.34.113.250:443->172.20.92.191:59989,百度贴吧,10,6085,1414,0.005052
112.34.113.250:443->172.20.92.191:59989,百度贴吧,11,7499,1414,0.004998
112.34.113.250:443->172.20.92.191:59989,百度贴吧,12,8913,1414,0.002
112.34.113.250:443->172.20.92.191:59989,百度贴吧,13,8979,66,0.005001
112.34.113.250:443->172.20.92.191:59989,百度贴吧,14,9045,66,0.002998
112.34.113.250:443->172.20.92.191:59989,百度贴吧,15,10459,1414,0.004001
112.34.113.250:443->172.20.92.191:59989,百度贴吧,16,11873,1414,0.003001
112.34.113.250:443->172.20.92.191:59989,百度贴吧,17,11939,66,0.002999
112.34.113.250:443->172.20.92.191:59989,百度贴吧,18,13353,1414,0.004
112.34.113.250:443->172.20.92.191:59989,百度贴吧,19,14767,1414,0.003001
112.34.113.250:443->172.20.92.191:59989,百度贴吧,20,14833,66,0.002999
112.34.113.250:443->172.20.92.191:59989,百度贴吧,21,16247,1414,0.004
112.34.113.250:443->172.20.92.191:59989,百度贴吧,22,16301,54,0.015
112.34.113.250:443->172.20.92.191:59989,百度贴吧,23,17715,1414,0.375172
112.34.113.250:443->172.20.92.191:59989,百度贴吧,24,19129,1414,0.506757
112.34.113.250:443->172.20.92.191:59989,百度贴吧,25,19195,66,0.01
112.34.113.250:443->172.20.92.191:59989,百度贴吧,26,20609,1414,0.005
112.34.113.250:443->172.20.92.191:59989,百度贴吧,27,22023,1414,0.003001
112.34.113.250:443->172.20.92.191:59989,百度贴吧,28,22097,74,0.001999
112.34.113.250:443->172.20.92.191:59989,百度贴吧,29,22163,66,0.002
112.34.113.250:443->172.20.92.191:59989,百度贴吧,30,23577,1414,0.003001
112.34.113.250:443->172.20.92.191:59989,百度贴吧,31,24857,1280,0.003001
112.34.113.250:443->172.20.92.191:59989,百度贴吧,32,24911,54,0.001999
112.34.113.250:443->172.20.92.191:59989,百度贴吧,33,26325,1414,0.003001
112.34.113.250:443->172.20.92.191:59989,百度贴吧,34,27739,1414,0.003
112.34.113.250:443->172.20.92.191:59989,百度贴吧,35,27805,66,0.006
112.34.113.250:443->172.20.92.191:59989,百度贴吧,36,27871,66,0.003
112.34.113.250:443->172.20.92.191:59989,百度贴吧,37,29285,1414,0.282173
112.34.113.250:443->172.20.92.191:59989,百度贴吧,38,29351,66,0.008001
112.34.113.250:443->172.20.92.191:59989,百度贴吧,39,30452,1101,0.145045
112.34.113.250:443->172.20.92.191:59989,百度贴吧,40,30512,60,0.198064
112.34.113.250:443->172.20.92.191:59989,百度贴吧,41,31926,1414,1.045426
112.34.113.250:443->172.20.92.191:59989,百度贴吧,42,33340,1414,0.003002
112.34.113.250:443->172.20.92.191:59989,百度贴吧,43,33406,66,0.001998
112.34.113.250:443->172.20.92.191:59989,百度贴吧,44,34820,1414,0.003
112.34.113.250:443->172.20.92.191:59989,百度贴吧,45,34901,81,0.002004
112.34.113.250:443->172.20.92.191:59989,百度贴吧,46,36315,1414,0.002998
112.34.113.250:443->172.20.92.191:59989,百度贴吧,47,36369,54,0.003001
112.34.113.250:443->172.20.92.191:59989,百度贴吧,48,37783,1414,0.002998
112.34.113.250:443->172.20.92.191:59989,百度贴吧,49,37882,99,0.002
112.34.113.250:443->172.20.92.191:59989,百度贴吧,50,39296,1414,0.003
112.34.113.250:443->172.20.92.191:59989,百度贴吧,51,39362,66,0.002999
112.34.113.250:443->172.20.92.191:59989,百度贴吧,52,39428,66,0.006
112.34.113.250:443->172.20.92.191:59989,百度贴吧,53,39494,66,0.103
112.34.113.250:443->172.20.92.191:59989,百度贴吧,54,40492,998,0.005
112.34.113.250:443->172.20.92.191:59989,百度贴吧,55,41906,1414,0.003
112.34.113.250:443->172.20.92.191:59989,百度贴吧,56,41994,88,0.003003
112.34.113.250:443->172.20.92.191:59989,百度贴吧,57,42060,66,0.005996
112.34.113.250:443->172.20.92.191:59989,百度贴吧,58,42114,54,0.002002
112.34.113.250:443->172.20.92.191:59989,百度贴吧,59,42168,54,0.272485
112.34.113.250:443->172.20.92.191:59989,百度贴吧,60,43582,1414,0.476926
112.34.113.250:443->172.20.92.191:59989,百度贴吧,61,43648,66,0.005995
112.34.113.250:443->172.20.92.191:59989,百度贴吧,62,43708,60,0.115001
112.34.113.250:443->172.20.92.191:59989,百度贴吧,63,43793,85,0.004001
112.34.113.250:443->172.20.92.191:59989,百度贴吧,64,43853,60,0.002999
112.34.113.250:443->172.20.92.191:59989,百度贴吧,65,43907,54,0.017
112.34.113.250:443->172.20.92.191:62142,百度贴吧,1,554,554,0.006002
112.34.113.250:443->172.20.92.191:62142,百度贴吧,2,614,60,0.11148
112.34.113.250:443->172.20.92.191:62142,百度贴吧,3,674,60,0.001999
112.34.113.250:443->172.20.92.191:62142,百度贴吧,4,886,212,0.002998
112.34.113.250:443->172.20.92.191:62142,百度贴吧,5,991,105,0.01
112.34.113.250:443->172.20.92.191:62142,百度贴吧,6,1907,916,0.001999
112.34.113.250:443->172.20.92.191:62142,百度贴吧,7,1967,60,0.002
112.34.113.250:443->172.20.92.191:62142,百度贴吧,8,2027,60,0.002001
112.34.113.250:443->172.20.92.191:62142,百度贴吧,9,3441,1414,0.006998
112.34.113.250:443->172.20.92.191:62142,百度贴吧,10,4522,1081,0.004
112.34.113.250:443->172.20.92.191:62142,百度贴吧,11,4588,66,0.003
112.34.113.250:443->172.20.92.191:62142,百度贴吧,12,4654,66,0.002006
112.34.113.250:443->172.20.92.191:62142,百度贴吧,13,5916,1262,0.002999
112.34.113.250:443->172.20.92.191:62142,百度贴吧,14,7330,1414,0.003
112.34.113.250:443->172.20.92.191:62142,百度贴吧,15,8744,1414,0.001999
112.34.113.250:443->172.20.92.191:62142,百度贴吧,16,9413,669,0.002
112.34.113.250:443->172.20.92.191:62142,百度贴吧,17,10827,1414,0.003
112.34.113.250:443->172.20.92.191:62142,百度贴吧,18,12241,1414,0.002
112.34.113.250:443->172.20.92.191:62142,百度贴吧,19,13655,1414,0.003001
112.34.113.250:443->172.20.92.191:62142,百度贴吧,20,13721,66,0.002
112.34.113.250:443->172.20.92.191:62142,百度贴吧,21,13787,66,0.002
112.34.113.250:443->172.20.92.191:62142,百度贴吧,22,13853,66,0.001997
112.34.113.250:443->172.20.92.191:62142,百度贴吧,23,13919,66,0.001999
112.34.113.250:443->172.20.92.191:62142,百度贴吧,24,15333,1414,0.002001
112.34.113.250:443->172.20.92.191:62142,百度贴吧,25,16747,1414,0.013
112.34.113.250:443->172.20.92.191:62142,百度贴吧,26,16801,54,0.002001
112.34.113.250:443->172.20.92.191:62142,百度贴吧,27,18063,1262,0.004999
112.34.113.250:443->172.20.92.191:62142,百度贴吧,28,19477,1414,0.002
112.34.113.250:443->172.20.92.191:62142,百度贴吧,29,19543,66,0.003001
112.34.113.250:443->172.20.92.191:62142,百度贴吧,30,19609,66,0.002002
112.34.113.250:443->172.20.92.191:62142,百度贴吧,31,21023,1414,0.002
112.34.113.250:443->172.20.92.191:62142,百度贴吧,32,22437,1414,0.003
112.34.113.250:443->172.20.92.191:62142,百度贴吧,33,23851,1414,0.002997
112.34.113.250:443->172.20.92.191:62142,百度贴吧,34,25265,1414,0.002002
112.34.113.250:443->172.20.92.191:62142,百度贴吧,35,25331,66,0.002002
112.34.113.250:443->172.20.92.191:62142,百度贴吧,36,25397,66,0.001997
112.34.113.250:443->172.20.92.191:62142,百度贴吧,37,26811,1414,0.003002
112.34.113.250:443->172.20.92.191:62142,百度贴吧,38,28225,1414,0.003
112.34.113.250:443->172.20.92.191:62142,百度贴吧,39,28291,66,0.002001
112.34.113.250:443->172.20.92.191:62142,百度贴吧,40,28345,54,0.001999
112.34.113.250:443->172.20.92.191:62142,百度贴吧,41,29759,1414,0.001997
112.34.113.250:443->172.20.92.191:62142,百度贴吧,42,30751,992,0.018003
112.34.113.250:443->172.20.92.191:62142,百度贴吧,43,30805,54,0.002
112.34.113.250:443->172.20.92.191:62142,百度贴吧,44,31971,1166,0.354693
112.34.113.250:443->172.20.92.191:62142,百度贴吧,45,32031,60,0.036299
112.34.113.250:443->172.20.92.191:62142,百度贴吧,46,33445,1414,0.042052
112.34.113.250:443->172.20.92.191:62142,百度贴吧,47,34859,1414,0.002
112.34.113.250:443->172.20.92.191:62142,百度贴吧,48,34940,81,0.002
112.34.113.250:443->172.20.92.191:62142,百度贴吧,49,35006,66,0.001999
112.34.113.250:443->172.20.92.191:62142,百度贴吧,50,35072,66,0.002001
112.34.113.250:443->172.20.92.191:62142,百度贴吧,51,36486,1414,0.001998
112.34.113.250:443->172.20.92.191:62142,百度贴吧,52,37900,1414,0.003002
112.34.113.250:443->172.20.92.191:62142,百度贴吧,53,37966,66,0.002997
112.34.113.250:443->172.20.92.191:62142,百度贴吧,54,39380,1414,0.002999
112.34.113.250:443->172.20.92.191:62142,百度贴吧,55,40794,1414,0.01
112.34.113.250:443->172.20.92.191:62142,百度贴吧,56,41499,705,0.002002
112.34.113.250:443->172.20.92.191:62142,百度贴吧,57,41553,54,0.001999
112.34.113.250:443->172.20.92.191:62142,百度贴吧,58,41607,54,0.319
112.34.113.250:443->172.20.92.191:62142,百度贴吧,59,41667,60,0.004
112.34.113.250:443->172.20.92.191:62142,百度贴吧,60,41752,85,0.002001
112.34.113.250:443->172.20.92.191:62142,百度贴吧,61,41812,60,0.002
112.34.113.250:443->172.20.92.191:62142,百度贴吧,62,41866,54,0.001999
